0.0929938906809824
-0.5611622965639276
-0.42147689433506375
0.615462846730235
-0.5207772752194502
0.9605737302906174
0.4684654460515787
-0.09620708396412225
0.5305178708236111
-0.35864275464014406
0.5674409604901398
0.6607336707385909
0.7319639184634235
0.06739618670828218
0.9730963861965589
-0.7485676983312641
0.8743877306448931
-0.7442941037727835
0.9051262207033632
0.08981609480564079
-0.6635966704964311
0.007796771401593627
-0.9866816442905302
0.47814076290326857
-0.7307106047503147
-0.9238989197948915
-0.12717076629895185
-0.7798933624310371
0.04395179035189334
0.853770106207508
-0.6908856699254242
-0.14883187656371688
0.049845291558103355
-0.8101246998675338
0.31727966473746294
-0.012189709120170145
-0.810785979969487
0.5190203598802929
-0.7569202149648455
-0.28857225165313904
-0.128363707905075
