-0.2586965759463511
1.9895421917251968
-3.0498441482200747
0.11713150940808892
0.17485919373911907
-0.9162261446870335
-0.38890466004654867
-2.5331020266477853
0.662402598596965
-0.8629742939380425
0.8979001557477957
-0.7547692048825458
0.8135482684084523
0.6061075571052053
-0.45214021069919363
-0.3799913685952603
-0.4252635568045091
0.10786028838602602
0.2013767508936004
0.3472794458712649
-0.8640956167836127
0.7807548232510926
0.273943810667842
0.607476078107458
-0.18313670783817515
0.10618611989419069
2.983066885237465
0.22935459862404173
0.5715228166955522
0.19625621849434483
0.3848876202612763
-7.613412127066527
0.1824444951725972
-0.9499088553015673
-0.40811740992647416
-0.836264594793765
-0.9209071079787647
0.1963938857232259
-0.3814158499985494
0.8948568619945194
1.8369315037519716
-0.8814849374646052
-0.9036993729849976
-0.5940182867909654
-0.2141410981042351
