-0.27936115536994377
0.3654511465423156
0.22977923721718607
-0.7931547361952711
0.9681883981087804
-0.19393798975892973
0.5933896599184323
-0.4071401930161207
-0.9953073287850847
-0.23985286531875127
0.7299007814622078
-0.7944630335378573
0.8755292858360404
0.7459068946241714
0.13855862966436927
-0.8339159988087936
0.15924720062653241
0.7198714763012679
-0.9219918715220701
-0.7407961174220565
-0.5498570595180081
-0.3342388444058433
-0.48131163319300097
0.011414951525664963
-0.15049202479248036
-0.735003242102888
-0.9369325440241063
-0.187596079586982
-0.6743922295107914
-0.5156064486583458
-0.9452313362821483
0.03738393314374844
0.6897820930213676
-0.6991372529328732
-0.42065008311805663
0.16113974728080604
0.09514068601552794
0.9675953410342994
0.8178809999329795
-0.41883375952913227
-0.7414956871431069
-0.48682257440415033
0.025730377853049102
-0.2774543218949339
0.3944462707714962
