-0.11381736855233027
-1.0
-0.5546730356728049
-0.7434151809288245
-0.6151212759444677
-0.5773345638753744
1.0
-0.5276480414907381
1.0
-0.4607921771959249
-0.09747802445824794
-1.0
0.020680794393576063
-4.0154598757626
-0.8677635763494407
0.3418081078396704
0.27101244479865794
-0.807844929750352
-0.6266681975722002
-0.4433100607113334
-1.0
0.227646264148462
-0.8738925072401262
-0.5642615325435965
-0.29867294322875715
0.7038644956573155
0.37945004692255846
-0.5590830285065964
0.9198004149263239
1.0
-1.0
-0.4594989213368508
-0.6944087377306161
1.0
0.30374143484646954
-0.3414164589142601
0.9094728966047765
-0.6982567864445612
-1.0
1.0
0.11553836298366948
-0.04517262410831091
0.7998243783887178
-0.6877740074318797
0.8177512880561437
