-0.4189381418912259
0.6034889307845595
0.022415856549293345
-0.6243081255023923
0.9970895834429834
0.21508594334901532
-0.5779857204120549
-0.133756646995278
-0.5168642449689935
-0.3048389908288125
-0.17109760169267818
-0.6277679264351286
-0.8621803423811292
0.23385468849989444
-0.7434687706265797
0.4506017984947295
-0.2426749387952991
-0.6683507690128301
-0.6908747211175919
0.38768992827130977
0.8958870141041417
-0.585721496845667
-0.7066430445116942
0.4637795221437573
-0.9560349664009997
0.1135718693052592
0.8548001336344104
0.14250742997351762
-0.3997167347882067
0.6841863699650139
0.7018252845319168
0.30164242815661346
0.14271590773893617
-0.5171650736935889
0.3281974408034738
0.6708937895925251
0.7559471490347114
-0.030059030207017834
0.6944876486835867
-0.8829560636652105
-0.9964403266127586
0.4264963630376135
-0.37031126558033334
-0.9641642756766919
0.2987415312039967
